00111100000010000001000000000001
00110101000010000000000000000000
10001111100010010000000000110000
10001111100010100000000000110100
00111100000010110001000000000001
00110101011010110000000000111000
00111100000011000001000000000001
00110101100011000000000100101000
00100100000011010000000000000000
00010001101010100000000000000010
00000000000000000000000000000000
00000000000000000000000000000000
10101101111000000000000000000000
00100001101011010000000000000001
00001000000000000000000000000110
00100100000011010000000000000000
00010001101010010000000000011001
00000000000000000000000000000000
00000000000000000000000000000000
10001101111110000000000000000000
00000000000000000000000000000000
00000000000000000000000000000000
00000000000000000000000000000000
00000000000000000000000000000000
00000000000000000000000000000000
00000000000000000000000000000000
00000000000000000000000000000000
00000000000000000000000000000000
00000000000000000000000000000000
00000000000000000000000000000000
10001101111011010000000000000000
00000000000000000000000000000000
00000000000000000000000000000000
00000000000000000000000000000000
00000000000000000000000000000000
00000000000000000000000000000000
10101110001100110000000000000000
00100001101011010000000000000001
10101101111011010000000000000000
00100001101011010000000000000001
00001000000000000000000000001101
00100100000110010000000000000000
00001000000000000000000000011001
00100001010110011111111111111111
00001000000000000000000000011001
00100100000011010000000000000000
00010001101010100000000000100100
00000000000000000000000000000000
00000000000000000000000000000000
10001101111110000000000000000000
00010011000000000000000000000001
00000000000000000000000000000000
00000000000000000000000000000000
00000000000000000000000000000000
00000000000000000000000000000000
00100001101011010000000000000001
00001000000000000000000000101011
00100100000010000000000000000001
00000000000000000000000000000000
00000000000000000000000000000000
00000000000000000000000000000000
10001101010010110000000000000000
00000000000000000000000000000000
00100001000011001111111111111111
00000000000000000000000000000000
00000000000000000000000000000000
00000000000000000000000000000000
10001101110011110000000000000000
00000000000000000000000000000000
00000000000000000000000000000000
00000000000000000000000000000000
00100001100110000000000000000001
00000000000000000000000000000000
00000000000000000000000000000000
00000000000000000000000000000000
10101110010100110000000000000000
00100001100011001111111111111111
00001000000000000000000000111101
00100001100110000000000000000001
00000000000000000000000000000000
00000000000000000000000000000000
00000000000000000000000000000000
10101110010100110000000000000000
00100001000010000000000000000001
00001000000000000000000000110111
00000000000000000000000000000000
00100100000000100000000000000100
00111100000001000001000000000001
00110100100001000000000101000001
00000000000000000000000000001100
00100100000011010000000000000000
00010001101010100000000000010000
00000000000000000000000000000000
00000000000000000000000000000000
10001101111110000000000000000000
00000000000000000000000000000000
00000000000000000000000000000000
00100100000011100000000000000000
00010001110110000000000000000111
00000000000000000000000000000000
00000000000000000000000000000000
10001110001110010000000000000000
00000000000000000000000000000000
00100100000000100000000000000010
00000000000000000000000000001100
00100100000000100000000000000100
00111100000001000001000000000001
00110100100001000000000101000000
00000000000000000000000000001100
00100001110011100000000000000001
00001000000000000000000001011110
00100001101011010000000000000001
00001000000000000000000001010111
00100100000000100000000000001010
00000000000000000000000000001100
